0 1 5 1254.766967
1 13 22 14530.805905
2 18 14 2363.552529
3 0 20 30335.315074
4 3 23 3299889.432703
5 7 9 34395.066512
6 17 24 1402907.939622
7 23 21 119831.804878
8 21 23 19389.171628
9 24 9 1485192.652878
10 9 22 274316.932903
11 4 11 3252948.641268
12 20 1 11908.282644
13 1 2 372912.939882
14 17 0 17339.989808
15 6 10 26886.034892
16 20 24 40696.028411
17 13 20 59223.319081
19 10 3 16154.563965
20 1 14 15290.392486
21 7 23 1933.280404
22 11 13 13190.017057
23 10 7 79778.459607
24 15 12 4482.437856
25 23 4 2358195.044815
26 10 15 1401.749684
27 18 22 590506.929714
28 2 11 77153.993230
29 22 3 1317432.438083
30 16 0 31388.281544
31 5 24 121890.936552
32 0 15 4403.693063
33 15 20 976769.969867
34 16 10 42415.760695
35 20 2 15749.411588
36 24 18 2526972.761896
37 4 11 168893.028795
38 1 13 447709.202565
39 10 21 83199.699777
40 4 24 5073438.388816
41 18 15 170682.623336
42 20 19 1022948.228860
43 24 2 2165.683418
44 17 15 350440.476309
45 12 1 53020.603196
46 3 5 27230.768141
48 13 15 209240.730551
49 6 0 1047559.842504
50 4 1 1854.648017
51 12 13 91751.514421
52 12 6 42260.801845
53 17 21 3852.137544
54 12 18 244604.049565
55 24 1 21724.873711
56 15 9 4772185.159109
57 8 9 14097.038426
58 16 2 3274.970320
59 7 15 7204.167489
60 15 22 1661.658750
61 7 12 22064.528453
62 21 6 5376.556589
63 13 22 536804.553605
64 3 17 962133.962021
65 18 11 74347.962660
66 9 24 322990.896015
67 7 20 38437.047969
68 15 21 113715.165849
69 21 1 1946113.830926
70 3 1 45649.170562
71 13 7 77885.957801
72 1 10 48640.056178
73 1 24 5379.912080
74 9 21 283454.156290
75 8 2 2252446.240994
76 6 19 2813.797430
77 22 9 1512.483108
78 18 1 433640.599159
79 11 7 1641.249773
80 11 1 1177.198190
81 7 0 14477.197953
82 5 24 8166.656240
83 4 18 456064.440179
84 16 8 469206.057513
85 24 3 51561.624697
86 20 21 99449.356726
87 2 11 39308.961042
88 3 17 1192.176664
89 3 16 2454.064181
90 2 17 17122.753161
91 8 1 44182.140244
92 18 22 595058.314438
93 23 15 16043.433988
94 11 2 288887.924629
95 22 7 53715.447735
96 19 17 1305.016549
97 21 8 58629.680074
98 6 20 6046.780085
99 0 13 46281.887673
100 22 1 71625.566817
101 22 10 1793044.502781
102 13 16 1252.507555
103 3 6 2023623.234674
104 24 8 1302716.405358
105 2 9 4993322.992884
106 11 13 295618.641933
107 24 0 354828.238612
108 2 11 333699.861620
109 4 17 8521.031958
110 11 0 400088.724853
111 19 16 596297.280346
112 13 12 170052.250283
113 14 11 1572509.200593
114 5 13 2004108.609698
115 9 8 85094.342647
116 21 7 3084.833211
117 16 6 498173.565852
118 19 4 1148.227710
119 10 15 259296.495380
120 22 10 66739.768485
121 6 17 4165903.126390
122 4 11 7711.346894
123 1 12 3921196.140480
124 4 12 6273.521278
125 16 6 2531754.869093
126 10 1 1541301.467893
127 0 18 23945.013182
128 12 9 23853.042527
129 4 15 1433021.826900
130 8 21 5221507.676794
131 14 23 392805.781698
132 1 11 451384.375036
133 13 18 299287.304398
134 15 8 2746.005995
135 21 20 158397.111840
136 8 17 6306.277037
137 23 19 182914.163173
138 13 6 26547.977054
139 13 1 122347.422629
140 15 8 6411.347089
141 24 15 4914408.310705
142 9 6 2222665.061111
145 9 17 16471.708346
146 7 8 2611.162183
147 16 13 2944592.539850
148 0 17 4961.682740
149 15 6 126365.634482
150 21 18 7469.207041
151 21 5 1790.870773
152 0 1 84384.215374
153 2 20 355392.423075
154 5 17 4836.812923
155 6 0 462899.089206
156 3 8 3724.972375
157 3 23 3885443.271099
158 20 0 531959.214383
159 15 10 1375125.062501
160 17 6 11666.094841
161 12 21 477891.117227
163 22 12 7809.643800
164 8 13 1137624.391171
165 3 8 613753.543013
166 6 5 6351.340534
167 15 9 3322707.891604
168 21 5 1338.923607
169 6 24 92543.140774
170 7 9 2321479.605517
171 1 22 2405.455484
172 18 4 2406.309564
173 6 8 31126.146969
174 17 14 2291245.657148
175 12 2 24383.742583
176 13 17 1791820.696459
177 0 11 750908.448538
178 22 16 463058.979366
179 16 4 443737.252618
180 9 3 38814.381150
181 19 11 3195.627869
182 13 19 2443.319055
183 4 14 75362.155659
184 12 5 3092.131263
185 0 3 4625.540498
186 22 4 29962.916773
187 18 13 4245.904451
188 19 0 3522741.815474
189 16 7 2100156.964667
190 3 8 81500.823540
191 0 13 277511.919465
193 5 9 56258.232094
194 16 23 29412.170751
195 17 2 2151.017974
196 0 15 15864.270355
197 23 7 5191057.935087
198 16 22 359341.385313
199 4 13 1933500.343865
200 21 15 386276.884881
201 11 15 3357.808446
202 0 3 14445.468091
203 9 23 5280723.892176
204 13 3 10438.540980
205 7 5 598897.184483
206 24 9 5747.079140
207 0 12 66301.649387
208 6 8 117843.547423
209 19 3 5004.467282
210 1 5 4205.436102
211 16 20 4427.723560
212 0 5 1856.394465
213 4 1 908543.933728
214 20 13 3968.551746
215 1 15 1203993.972933
216 12 16 45238.917350
217 3 5 1360786.615742
218 1 13 1532.109999
219 24 18 1168702.176808
220 1 8 1232045.721866
221 14 24 3027045.795159
222 18 14 5132403.477585
223 5 7 41060.485192
224 0 15 7882.443782
225 6 17 379495.985152
226 16 15 31630.371005
227 9 22 1155.664275
228 12 11 3551247.470129
230 20 5 256841.125954
231 12 21 540937.192698
232 2 21 2984.203563
233 11 23 64014.380700
234 4 19 9483.493479
235 10 13 240620.561084
236 7 5 574867.205613
237 7 2 3269.284706
238 9 23 12705.407886
239 8 5 318057.877312
240 1 7 83184.392414
241 6 24 24783.684203
242 17 14 2099.856578
243 9 7 2536613.990072
244 5 18 2115.514275
245 12 20 5007193.654449
246 23 0 5424801.804252
247 24 8 84425.439312
248 13 9 1340310.645005
249 21 0 1577.297880
250 21 17 250738.048289
252 22 23 270204.939990
253 24 11 3661050.691591
254 18 13 22216.885935
255 3 6 4090.898486
256 12 5 1293.544456
257 14 24 25547.973400
258 17 5 3868642.538860
259 19 20 386464.589408
260 3 11 36609.608356
262 6 12 37140.308602
263 16 7 174652.387573
264 7 24 1422896.372271
265 2 14 46688.386932
266 20 13 2205030.402050
267 6 9 44112.190902
268 18 8 5410297.906377
269 8 18 989725.137251
270 18 7 2111.745357
271 4 2 145736.321908
272 20 8 9594.236795
273 5 2 629052.089282
274 17 1 751934.467426
275 21 9 180027.835800
276 2 9 7485.394825
277 10 1 539252.589992
278 23 3 1339214.331478
279 5 3 4591483.746114
280 16 15 67729.257154
281 4 0 12370.404399
282 19 13 3372690.400480
283 9 20 33595.814393
284 13 18 42938.032473
285 6 18 1324.200729
286 7 12 62391.153778
287 6 9 404992.376027
288 16 23 1506.876784
289 20 8 23253.833714
290 3 24 3832098.566086
291 5 8 217845.361669
292 8 18 110654.601284
293 15 6 35894.496638
294 14 9 3749443.221379
295 3 11 1082945.537245
296 1 19 131812.477049
297 5 13 80220.924123
298 24 19 2971.839707
299 18 8 1995.071647
300 15 4 1105.435590
301 1 17 1025690.863644
302 9 7 587991.311005
303 4 16 80219.306460
304 1 22 2758352.098279
305 24 7 10905.364322
306 5 9 913227.455495
307 15 18 2414.813711
308 23 1 499522.384645
309 20 7 769509.856393
310 5 4 3091.718767
311 2 19 15864.962571
312 17 2 1237.946638
313 22 9 455762.970428
315 9 1 2316.420820
316 20 2 7302.707576
317 16 22 3012.702227
318 24 17 151425.901989
319 15 8 1711185.980339
320 3 15 1630.940421
321 14 4 731751.831382
322 20 23 1916.081155
323 11 3 23827.876816
324 14 22 178077.994984
325 9 19 4486.451863
327 7 21 711331.178919
328 18 23 27873.908161
329 12 11 19615.340308
330 18 1 1245.597195
331 9 22 1744576.298791
333 21 11 55988.664738
334 23 11 1955.845700
335 22 24 23458.279709
336 12 8 1170809.200539
337 2 14 14059.290732
338 5 2 436869.536832
339 12 2 3371.666548
340 13 19 422639.142801
341 16 21 4533.309323
342 22 23 1797676.177291
343 6 21 5331982.007927
344 12 20 194562.468945
345 0 21 16973.630666
346 16 11 42027.147711
347 4 7 1150.817952
348 22 5 48585.662013
349 13 22 192287.990543
350 21 7 4953.707896
351 0 23 1269162.312672
352 2 18 954765.992075
353 4 2 1075239.838300
354 17 19 9717.188160
355 22 19 3027.002307
356 20 4 2894.968571
357 24 4 38946.119873
358 22 15 1122.130898
359 10 9 4006.536562
360 3 23 2895.436920
361 7 10 3420614.252673
362 23 8 577411.784334
363 4 5 15607.877587
364 17 13 32418.314245
365 18 17 1310.349003
366 6 14 68729.625511
367 3 10 4429591.568593
368 23 1 17746.082880
369 11 8 25902.292284
370 4 5 49018.296976
371 3 21 35756.948198
372 16 2 4144.694625
373 2 14 152682.063302
374 20 23 1671.242195
375 6 1 9860.229707
376 3 17 3275.721869
377 17 20 344922.327786
378 7 8 6879.617898
379 23 1 82754.346968
380 6 19 3206797.482540
381 2 14 1340007.905947
382 18 23 148338.763368
383 24 2 2575312.570483
384 5 21 181170.948692
385 9 3 3627.579584
387 14 15 35130.032567
388 18 15 61864.222234
389 2 5 16351.572402
390 4 2 15127.744242
391 22 2 1452783.874103
392 5 22 6469.407796
393 8 14 1569095.075911
394 1 15 563717.349730
395 22 20 1681.601883
396 8 0 72565.835045
397 16 11 2367502.657954
398 8 6 3222.860424
399 1 13 30196.405279
401 10 9 4915540.751105
402 11 18 38263.509510
403 3 16 209629.553029
404 23 5 2535.573901
405 18 10 4313.789646
406 10 1 2088120.970634
407 3 15 100231.907311
408 0 23 106303.831189
410 23 15 663699.400543
411 18 19 1197.439530
412 0 2 8616.828013
414 9 5 1906184.944794
415 15 5 44826.166872
417 15 10 5436.837468
418 0 21 19741.269150
419 14 18 188007.674884
420 11 4 178429.495435
421 12 10 1678983.076351
422 2 7 10950.743970
423 22 4 39892.761873
424 13 17 90262.021627
425 24 6 5405418.673057
426 13 21 1425.744372
427 21 7 88447.071060
428 18 13 28582.062025
429 3 14 9669.730635
430 21 4 3034.712906
431 14 21 125395.708130
432 10 5 506857.225140
433 21 0 2561.562222
434 20 21 12727.969544
435 18 1 11152.468439
436 21 24 5488754.365502
437 5 14 5355.645243
438 0 11 4711.575453
439 9 5 292297.387420
440 12 10 9278.646650
441 6 22 1543.285621
442 8 0 130288.484941
443 15 6 146817.229167
444 10 18 590411.225869
445 13 3 12353.615507
446 3 19 1078527.534485
447 1 22 144686.847574
448 0 16 8132.412828
449 19 8 1680056.730205
450 24 8 43768.741093
451 11 17 958359.461422
452 18 23 2046132.998675
453 13 5 13042.855281
454 8 15 7972.964427
455 8 24 100343.969719
456 18 1 647845.921221
457 17 6 69772.471575
458 0 10 23810.603073
459 24 17 64988.437698
460 23 0 6949.269096
461 8 15 1329.018381
462 16 12 146295.668978
463 13 9 420051.585305
464 17 9 8135.288778
465 23 22 336588.078167
466 19 6 39463.734705
467 8 11 968169.171976
468 16 6 81815.248883
469 13 9 10385.093089
470 11 4 52346.094593
472 21 13 2257.267201
473 15 7 263201.438178
474 13 22 2706.788890
475 20 23 4410748.090557
476 7 21 291087.857241
477 13 2 8793.103814
478 17 21 4354402.132277
479 17 3 1346607.567737
480 4 9 1358014.075762
481 16 24 10836.779598
482 2 8 546667.116104
483 11 20 466756.382716
484 2 20 4065.771440
485 3 20 7126.463113
486 16 15 85412.093105
487 23 21 2941974.662587
488 1 13 18727.775086
489 3 22 895581.060749
490 17 20 1917.926571
492 15 3 686394.004267
493 9 6 1952.272097
494 17 23 158466.352264
495 8 17 9665.766796
496 11 17 240870.933644
497 9 21 33819.838093
498 2 9 113510.555616
499 3 21 148977.118975
500 3 5 94693.593032
501 18 7 301625.298326
502 18 15 4528.847874
503 5 10 25503.980930
504 6 18 1798.584698
505 16 5 47109.784347
506 8 9 4251.492887
507 18 0 637001.726517
508 20 24 112566.972781
509 19 22 2210640.411109
510 19 23 138576.164933
512 11 15 5483.916697
513 23 5 14334.247192
514 24 19 339194.645805
515 22 14 32772.090595
516 2 0 141828.024349
517 16 15 1607.321551
518 8 15 7233.826284
519 19 18 3461923.432517
520 23 1 516428.534598
521 7 19 19136.915248
522 8 15 2546.508552
523 14 10 8938.542702
524 16 21 728427.486392
525 8 7 2025896.368460
526 22 0 3737.908146
527 13 24 4136723.478832
528 19 21 5155.359339
529 6 8 3338.624552
530 13 15 1442876.392573
531 7 10 1952528.852306
532 11 16 120724.883541
533 18 17 307712.082975
534 15 21 25653.415806
535 3 18 5367265.597358
536 7 10 129024.603229
537 20 5 343007.621442
538 19 18 10423.635135
539 13 10 6600.968028
540 14 9 250317.370829
541 14 9 145244.844115
542 12 11 55721.018737
543 15 8 134994.397101
544 19 7 2558.858565
545 20 14 3168513.378032
546 15 7 25081.809289
547 12 22 68386.508950
548 1 3 2622.917835
549 23 21 1224.215619
550 1 0 1428.316619
552 5 3 21363.301862
553 6 7 1823.648918
554 19 14 100315.019272
555 15 4 28933.699703
556 6 15 18190.619154
557 11 8 227562.850771
558 7 8 2500392.228660
560 12 15 513149.293909
561 14 6 75030.482817
562 7 21 211369.075954
563 6 8 14610.815312
564 6 21 47004.603554
565 2 16 73453.240562
566 4 3 12497.860696
567 10 6 1707523.663741
568 9 0 576062.465030
569 18 7 1708654.357765
570 12 4 32282.294200
571 19 14 242644.924141
572 18 23 4620961.872206
573 20 9 41009.454761
574 6 19 1419.703322
575 8 17 1625.239819
576 20 21 53029.628432
577 9 11 6031.700700
578 10 18 353635.668651
579 18 3 25681.395231
580 21 10 4585855.943071
581 3 19 623574.428216
582 7 13 67926.135907
583 20 21 15280.680252
584 23 2 154873.561056
585 10 12 302811.406852
586 1 21 1248.982432
587 14 24 3644.714956
589 17 14 56473.802410
590 21 22 2128.176037
591 19 7 5824485.093962
592 2 4 91968.028861
593 13 6 94181.277439
594 14 24 1484878.920133
595 6 12 271088.942829
597 17 15 3334.196246
598 6 13 2279.772853
599 24 9 3289485.066449
600 9 15 113176.727143
601 13 7 32648.799072
602 8 4 504244.781046
603 17 9 17954.406261
604 3 14 3791041.160606
606 21 12 6913.388303
607 13 3 903137.849211
608 5 21 38063.204862
609 19 24 36527.611646
610 5 10 2561200.829058
611 8 16 4132066.648366
612 0 24 5720.676670
613 11 20 11282.764841
614 10 17 5679079.997020
615 21 5 88356.548501
616 15 17 2269.726072
617 2 8 3164161.329627
618 10 5 166253.907459
619 0 21 6218.617542
620 7 11 5139133.200764
621 23 5 1386.430538
622 22 5 189588.767978
623 20 2 38882.806005
624 21 4 715553.342150
625 10 16 4302.044623
626 16 22 3375.418741
627 1 5 3186812.264687
628 17 0 37762.623448
629 4 10 1801615.082142
630 8 4 3084556.286002
632 12 16 2986842.774283
633 17 13 5308694.393377
634 10 7 3365208.277717
635 11 4 3226926.498505
636 10 23 9039.070576
637 11 22 4025789.943087
638 7 16 2912585.550965
639 9 10 9330.474169
640 17 24 461585.463965
641 9 11 243589.515604
642 11 0 1583.468100
643 8 12 357446.170153
644 13 15 488543.802596
645 20 17 4111919.506077
646 7 17 111846.939517
647 11 13 2173234.885245
648 16 24 5523.944956
649 17 14 2637680.288564
650 3 14 42578.339931
651 19 18 331432.906386
652 24 22 248194.843705
653 23 14 1815266.586834
654 16 17 5041011.999395
655 3 15 76018.092531
656 19 18 1432.491597
657 6 10 17159.370349
658 12 19 6290.691087
659 18 16 2301.483251
660 18 17 4636.763879
661 8 10 38575.986328
662 16 5 5749.037124
663 18 5 397089.731130
664 2 13 13682.922611
665 15 5 1689.120637
666 23 22 1955.840245
667 17 4 54849.032435
668 18 21 38901.379908
669 14 16 85451.061493
670 21 0 5248.756768
671 20 24 3041395.067282
672 17 6 19417.227688
673 17 23 183079.127197
674 24 4 11824.230629
675 2 7 4995955.301455
676 22 8 152043.018920
677 24 13 297367.626928
678 9 24 4735035.338193
679 22 9 8921.737820
681 23 7 3768.734326
682 1 14 40389.687887
683 12 11 20331.244147
684 1 21 53363.212437
685 10 6 5356.152335
686 1 15 2609.512197
687 21 2 892710.338447
688 14 0 15138.687152
689 16 17 834279.412111
690 0 14 269809.554282
691 4 11 51093.565302
692 2 22 9789.118795
693 1 9 856969.029646
694 15 4 139705.960562
695 7 14 2454706.149506
696 9 8 3805192.804867
697 12 7 511569.050036
698 11 21 373943.983720
699 0 11 96350.716403
700 0 23 302442.812895
701 14 21 28448.641615
702 5 6 46787.204177
703 8 21 64701.413845
704 18 0 6195.566907
705 0 3 27735.548341
706 12 20 11352.651163
707 22 8 4634.761011
708 8 18 2435.572110
709 17 11 791026.785820
710 16 2 28993.468145
711 2 5 4847186.801145
712 14 6 8984.372815
713 3 12 2835.297723
714 8 10 55859.748331
715 19 15 5889.478491
716 6 23 171866.627458
717 8 23 41273.741949
718 14 12 20290.437649
719 16 3 670776.939830
720 19 4 1992414.783866
721 13 9 141642.529657
722 17 12 56618.628566
723 12 24 103271.880347
724 18 15 16644.407579
725 7 12 521834.455753
726 19 20 1405142.833274
727 11 7 1351.044257
728 8 10 363166.393914
729 12 11 1115796.114824
730 11 5 5043142.668301
731 7 9 16950.276457
732 14 8 1810.912858
733 17 8 51054.709779
734 24 9 3658.520511
735 2 17 138316.127424
736 13 3 3382682.859623
737 20 10 2370147.405924
738 2 8 987080.341903
739 21 23 13348.959942
741 17 7 55470.472743
742 1 15 1522.701238
743 7 4 23450.797664
744 13 12 24260.152074
745 5 22 73307.770606
747 4 1 1408.053330
750 18 15 557599.580059
751 20 18 52786.079502
753 18 15 49816.328390
757 14 12 294581.626982
760 5 4 83021.306301
767 22 19 12540.782713
772 18 17 509020.326230
773 17 13 1162.380571
783 3 0 1703772.577179
784 3 6 22278.495938
785 6 4 2517024.922809
786 4 5 23545.707979
787 20 21 364929.937330
789 7 5 735776.259096
793 4 1 2891545.639638
794 12 13 2135802.735787
795 23 22 416491.612591
796 18 17 109773.203403
801 11 12 22871.582122
815 10 7 9259.135814
824 11 12 11213.670074
826 16 12 158787.052739
834 6 3 92636.928315
836 7 3 15801.681865
840 13 12 5745.733578
845 18 22 21423.769190
846 16 13 9303.149353
847 9 13 315308.374831
848 11 14 1215380.201115
850 13 16 4521.416153
870 12 13 141351.187682
878 15 13 32717.405276
882 6 3 23752.547347
885 16 12 5636390.008594
892 19 20 3163.063639
895 12 13 90307.510694
896 16 12 4974378.747781
897 8 12 2878.010153
898 24 21 37154.223553
906 8 10 441844.826398
908 4 0 20748.273908
914 5 6 3576285.086874
915 18 22 14742.174031
916 14 17 3109.747888
921 22 21 20004.590681
932 23 19 334186.684153
935 15 12 58054.957554
939 20 22 2198285.931369
941 17 21 18945.895016
942 16 13 16499.336290
952 14 17 6493.888159
954 8 7 1599940.304803
957 19 16 1542.900772
961 9 13 35324.918652
968 19 22 2902.363652
974 9 12 130291.868842
976 7 11 1120846.940121
980 22 21 3208.972846
987 2 0 47581.267610
989 19 22 4809323.159040
993 1 4 3705.832491
996 14 10 436950.670807
997 22 24 3230.363653
998 13 17 1568.997068
1003 9 11 6178.523024
1005 3 7 143880.420484
1008 17 15 7347.237000
1009 11 12 81806.690352
1010 11 12 5356.294667
1011 9 10 95974.385279
1012 20 16 442181.082903
1014 19 23 1312.406594
1016 15 17 76349.194548
1019 19 16 29474.371268
1020 15 18 75109.305452
1021 3 7 11496.757437
1030 19 15 4934069.910255
1041 19 15 4713.434279
1042 21 24 3223.695883
1054 9 12 201546.667623
1058 24 21 1502779.873835
1061 3 2 279525.343862
1065 13 16 14019.210209
1067 19 20 3872774.684520
1069 11 14 29666.569953
1073 4 5 145736.801978
1077 22 20 127880.512892
1083 11 14 321845.972584
1085 10 14 6466.741769
1086 21 20 1820.469689
1090 8 10 2497.440657
1091 3 4 18499.615584
1102 22 18 5051.115869
1104 7 4 10707.877378
1106 12 14 13149.903317
1114 6 4 68098.708434
1116 3 5 663422.858242
1125 15 11 221826.145436
1126 17 16 154065.663703
1130 18 17 6853.117634
1131 23 19 327743.271551
1133 16 17 3059.356356
1135 12 14 31773.774409
1138 11 9 2916.754021
1140 10 12 1521.439288
1146 4 3 13557.851611
1150 12 9 5927.852494
1155 11 8 347006.485239
1156 8 6 92120.965287
1157 15 16 1518726.528800
1159 17 18 1470597.908844
1162 16 14 2518834.410726
1164 5 7 5519.909843
1174 8 12 81383.785267
1175 17 14 15484.623328
1182 17 16 23216.603661
1183 21 22 5169654.754351
1184 1 3 249609.271313
1185 13 10 449884.623511
1188 9 12 914224.233180
1191 24 21 3981.098822
1193 13 10 166010.204199
1194 18 20 202931.949146
1199 10 9 1157052.910336
1203 1 3 74741.633102
1207 11 12 48031.433972
1208 20 19 313285.891667
1211 10 11 838454.195612
1212 17 13 1130279.451421
1216 7 3 384397.028722
1219 24 22 16671.787022
1220 10 6 3897936.947183
1223 24 23 330617.871312
1229 17 13 128983.713781
1230 8 12 1275896.287544
1234 11 12 2059.146779
1240 8 6 1338.574479
1245 12 15 17135.078630
1248 9 6 859750.619301
1251 21 22 15336.099132
1253 0 3 27735.253467
1259 21 22 126900.047280
1260 14 17 305328.513766
1267 10 12 1542.624959
1271 9 5 6146.971839
1274 9 6 2799.614258
1281 5 3 4805552.075960
1284 20 23 416257.330041
1287 22 21 2659630.609879
1288 23 19 17395.360563
1289 20 21 788242.980946
1294 18 21 477217.522731
1301 0 3 33503.881820
1313 19 15 56737.292245
1316 24 21 1655.190050
1317 16 20 1058559.400811
1318 3 6 610931.317691
1319 14 18 119869.143121
1323 6 3 2082594.880993
1328 3 4 1835079.209868
1329 20 21 545470.414871
1330 23 19 2288010.620754
1331 9 5 147478.023607
1333 15 14 86599.026860
1337 14 15 42262.342170
1344 12 8 9731.113186
1352 9 13 4820672.892882
1356 17 13 26700.031640
1358 16 12 1799285.182059
1360 2 0 1091839.108114
1364 16 15 1618.050980
1372 7 8 80429.959506
1375 2 1 156882.059472
1376 7 8 92308.206164
1386 15 13 496637.527136
1387 22 20 1764.531666
1388 23 20 3189.337989
1389 10 12 1367.728620
1391 6 2 1049713.496764
1394 3 0 33677.762656
1396 15 11 13143.809996
1398 3 4 5902.609940
1399 2 4 132154.093336
1414 22 20 1503.206937
1415 6 2 4340084.083421
1421 24 20 6014.972358
1422 2 1 92015.829807
1423 10 12 2212.120040
1425 5 6 206653.304491
1427 6 4 8083.646545
1431 23 21 1323.983828
1439 21 24 3989696.653654
1442 21 23 10771.329648
1443 21 19 11039.355570
1445 13 10 24610.227464
1447 12 13 230851.000230
1449 12 8 3411.601240
1459 14 12 508194.509110
1460 10 6 33803.874933
1466 15 16 46177.979227
1467 21 20 222538.358247
1475 6 2 3421.675429
1486 20 21 1067911.736422
1488 6 3 10867.857412
1494 12 11 1785.073977
1499 20 17 5270.234757
1501 11 10 2055286.465440
1504 11 7 2168795.894541
1507 2 4 1198487.861785
1512 21 24 5351.852271
1515 4 1 46953.734010
1517 16 13 2049.868982
1524 14 12 17734.028569
1528 3 0 2869419.116124
1531 1 4 19321.857233
1541 4 2 12684.761569
1544 19 18 5216.366826
1550 17 18 71289.783290
1555 8 7 8636.047232
1556 23 19 1178905.139388
1557 2 3 114679.136776
1561 5 4 5562.477219
1562 24 21 44446.081421
1564 17 18 12740.119818
1567 18 16 14487.773856
1568 4 0 4685.560972
1575 18 19 1211824.179838
1577 11 9 171007.087125
1579 3 7 3129.799665
1581 10 7 322995.740832
1583 18 21 2673.965967
1584 10 12 65807.334130
1585 10 12 206674.675049
1588 16 12 1445913.284833
1591 14 16 337912.853472
1594 23 24 80910.324080
1596 9 6 3391076.694745
1603 8 7 4411906.088307
1605 5 3 4474.577817
1608 4 0 1410465.866827
1609 8 12 110370.050943
1610 3 6 3675.714803
1613 17 14 482860.639389
1614 20 16 74009.984905
1618 0 1 976466.371528
1620 10 13 5434440.636174
1622 17 15 2513722.609170
1625 3 7 20663.334274
1626 1 4 1464838.293625
1627 9 11 1091425.465883
1631 18 16 248420.223204
1632 8 5 50190.626731
1634 8 7 37774.285558
1635 2 4 770406.866101
1636 5 1 4578.946981
1644 9 13 1743.379146
1647 11 7 1553.742720
1652 9 10 319204.619950
1653 16 20 1297.615709
1657 7 5 1023197.624246
1663 17 16 2342246.978581
1664 15 11 62178.185491
1670 13 10 4027.336862
1671 1 0 86440.950099
1672 20 18 4803.727069
1675 17 13 251099.996917
1676 18 15 6195.491330
1678 7 8 758350.043452
1681 7 11 1389.509497
1682 13 16 3805448.355783
1683 13 9 3921.517329
1686 8 7 1451.364600
1688 12 10 49353.317442
1691 9 10 98817.727441
1692 16 18 1312546.110723
1696 24 21 4182398.100362
1697 3 4 3178.281676
1700 22 19 21458.692501
1715 16 15 1342.921310